-0.03,-1.50,0.12,3.72,500.00,12.50,1.25,0.00,0.00,0.00,0.00,0.00,0.00,10.00,0.00,1.00,7.00,3.00,10.00
0.01,0.04,0.08,0.10,0.15,0.2,0.30,0.33,0.40,1.00,1.50,0.00,0.00,0.00,0.00,0.00,0.00,0.00,0.00
0.066,0.066,0.066,0.4,0.4,0.4,0.4,0.4,0.4,0.4,0.20,0.20,0.00,0.00,0.00,0.00,0.00,0.00,0.00
-1.00,-1.00,-1.00,-1.00,-1.00,-1.00,-1.00,-1.00,-1.00,-1.00,-1.00,-1.00,-1.00,-1.00,-1.00,-1.00,-1.00,-1.00,-1.00
-1.00,-1.00,-1.00,-1.00,-1.00,-1.00,-1.00,-1.00,-1.00,-1.00,-1.00,-1.00,-1.00,-1.00,-1.00,-1.00,-1.00,-1.00,-1.00
-1.00,-1.00,-1.00,-1.00,-1.00,-1.00,-1.00,-1.00,-1.00,-1.00,-1.00,-1.00,-1.00,-1.00,-1.00,-1.00,-1.00,-1.00,-1.00
-1.00,-1.00,-1.00,-1.00,-1.00,-1.00,-1.00,-1.00,-1.00,-1.00,-1.00,-1.00,-1.00,-1.00,-1.00,-1.00,-1.00,-1.00,-1.00
94.80,94.80,94.80,94.80,90.00,90.00,90.00,30.00,30.00,30.00,30.00,0.00,0.00,0.00,0.00,0.00,0.00,0.00,0.00
57.80,57.80,107.80,107.80,100.00,130.00,130.00,190.00,190.00,130.00,430.00,0.00,0.00,0.00,0.00,0.00,0.00,0.00,0.00
0.00,0.00,0.00,0.00,0.00,0.00,0.00,0.00,0.00,0.00,0.00,0.00,0.00,0.00,0.00,0.00,0.00,0.00,0.00
0.00,0.00,0.00,0.00,0.00,0.00,0.00,0.00,0.00,0.00,0.00,0.00,0.00,0.00,0.00,0.00,0.00,0.00,0.00
4.60,4.60,4.90,4.90,5.50,5.50,5.50,5.50,5.50,5.50,5.50,5.50,5.50,5.50,5.50,0.00,0.00,0.00,0.00
85.00,85.00,85.00,85.00,85.00,85.00,70.00,70.00,70.00,60.00,60.00,60.00,60.00,60.00,60.00,0.00,0.00,0.00,0.00
3.00,3.00,3.00,3.00,3.00,3.00,3.00,3.00,3.00,3.00,3.00,0.00,0.00,0.00,0.00,0.00,0.00,0.00,0.00
50.00,50.00,50.00,50.00,30.00,30.00,20.00,20.00,20.00,14.00,14.00,14.00,14.00,14.00,14.00,0.00,0.00,0.00,0.00
0.00,0.00,0.00,0.00,0.00,0.00,0.00,0.00,0.00,0.00,0.00,0.00,0.00,0.00,0.00,0.00,0.00,0.00,0.00
-1.00,-1.00,-1.00,-1.00,-1.00,-1.00,-1.00,-1.00,-1.00,-1.00,-1.00,-1.00,-1.00,-1.00,-1.00,-1.00,-1.00,-1.00,-1.00
-1.00,-1.00,-1.00,-1.00,-1.00,-1.00,-1.00,-1.00,-1.00,-1.00,-1.00,-1.00,-1.00,-1.00,-1.00,-1.00,-1.00,-1.00,-1.00
3.00,3.00,3.00,1.00,1.00,1.00,0.00,0.00,0.00,0.00,0.00,0.00,0.00,0.00,0.00,0.00,0.00,0.00,0.00
12.00,12.00,12.00,1.00,1.00,1.00,0.00,0.00,0.00,0.00,0.00,0.00,0.00,0.00,0.00,0.00,0.00,0.00,0.00
10.00,10.00,10.00,10.00,10.00,10.00,10.00,10.00,10.00,10.00,10.00,10.00,0.00,0.00,0.00,0.00,0.00,0.00,0.00
-1.00,-1.00,-1.00,-1.00,-1.00,-1.00,-1.00,-1.00,-1.00,-1.00,-1.00,0.00,0.00,0.00,0.00,0.00,0.00,0.00,0.00
-1.00,-1.00,-1.00,-1.00,-1.00,-1.00,-1.00,-1.00,-1.00,-1.00,-1.00,0.00,0.00,0.00,0.00,0.00,0.00,0.00,0.00
40.00,40.00,40.00,40.00,40.00,40.00,40.00,40.00,40.00,40.00,40.00,40.00,40.00,40.00,40.00,40.00,40.00,40.00,40.00
0.00,0.00,0.00,18.00,18.00,0.00,0.00,0.00,0.00,0.00,0.00,0.00,0.00,0.00,0.00,0.00,0.00,0.00,0.00
0.07,0.07,0.07,0.05,0.05,0.01,0.01,0.01,0.01,0.01,0.01,0.00,0.00,0.00,0.00,0.00,0.00,0.00,0.00
0.00,0.00,0.00,0.00,0.00,0.00,0.00,0.00,0.00,0.00,0.00,0.00,0.00,0.00,0.00,0.00,0.00,0.00,0.00
48.00,48.00,48.00,48.00,48.00,48.00,48.00,48.00,48.00,48.00,48.00,0.00,0.00,0.00,0.00,0.00,0.00,0.00,0.00
35.00,35.00,35.00,35.00,35.00,35.00,35.00,35.00,35.00,35.00,35.00,0.00,0.00,0.00,0.00,0.00,0.00,0.00,0.00
50.00,50.00,50.00,50.00,50.00,50.00,50.00,50.00,50.00,50.00,50.00,0.00,0.00,0.00,0.00,0.00,0.00,0.00,0.00
50.00,50.00,50.00,50.00,50.00,50.00,50.00,50.00,50.00,50.00,50.00,0.00,0.00,0.00,0.00,0.00,0.00,0.00,0.00
0.00,0.00,0.00,0.00,0.00,0.00,0.00,0.00,0.00,0.00,0.00,0.00,0.00,0.00,0.00,0.00,0.00,0.00,0.00
0.00,0.00,0.00,0.00,0.00,0.00,0.00,0.00,0.00,0.00,0.00,0.00,0.00,0.00,0.00,0.00,0.00,0.00,0.00
1000.00,1000.00,1000.00,1000.00,1000.00,1000.00,1000.00,1000.00,1000.00,1000.00,1000.00,0.00,0.00,0.00,0.00,0.00,0.00,0.00,0.00
1000.00,1000.00,1000.00,1000.00,1000.00,1000.00,1000.00,1000.00,1000.00,1000.00,1000.00,0.00,0.00,0.00,0.00,0.00,0.00,0.00,0.00
0.00,0.00,0.00,0.00,0.00,0.00,0.00,0.00,0.00,0.00,0.00,0.00,0.00,0.00,0.00,0.00,0.00,0.00,0.00
0.00,0.00,0.00,0.00,0.00,0.00,0.00,0.00,0.00,0.00,0.00,0.00,0.00,0.00,0.00,0.00,0.00,0.00,0.00
1.00,1.00,1.00,1.00,1.00,1.00,1.00,1.00,1.00,1.00,1.00,1.00,1.00,1.00,1.00,1.00,1.00,1.00,1.00
0.25,0.25,0.25,0.25,0.25,0.25,0.25,0.25,0.25,0.25,0.25,0.00,0.00,0.00,0.00,0.00,0.00,0.00,0.00
0.25,0.25,0.25,0.25,0.25,0.25,0.25,0.25,0.25,0.25,0.25,0.00,0.00,0.00,0.00,0.00,0.00,0.00,0.00
0.60,0.60,0.60,0.60,0.60,0.60,0.60,0.60,0.60,0.60,0.60,0.00,0.00,0.00,0.00,0.00,0.00,0.00,0.00
0.16,0.16,0.16,0.16,0.16,0.16,0.16,0.16,0.16,0.16,0.16,0.00,0.00,0.00,0.00,0.00,0.00,0.00,0.00
3.00,3.00,3.00,3.00,3.00,3.00,3.00,3.00,3.00,3.00,3.00,0.00,0.00,0.00,0.00,0.00,0.00,0.00,0.00
1.00,1.00,1.00,1.00,1.00,1.00,1.00,1.00,1.00,1.00,1.00,0.00,0.00,0.00,0.00,0.00,0.00,0.00,0.00
0.00,0.00,0.00,0.00,0.00,0.00,0.00,0.00,0.00,0.00,0.00,0.00,0.00,0.00,0.00,0.00,0.00,0.00,0.00
45.00,60.00,75.00,75.00,60.00,60.00,45.00,45.00,15.00,0.00,0.00,0.00,0.00,0.00,0.00,0.00,0.00,0.00,0.00
1.50,2.00,2.50,2.50,2.00,2.00,1.50,1.50,0.50,0.00,0.00,0.00,0.00,0.00,0.00,0.00,0.00,0.00,0.00
0.15,0.20,0.25,0.25,0.20,0.20,0.15,0.15,0.05,0.00,0.00,0.00,0.00,0.00,0.00,0.00,0.00,0.00,0.00
0.00,0.00,0.00,0.00,0.00,0.00,0.00,0.00,0.00,0.00,0.00,0.00,0.00,0.00,0.00,0.00,0.00,0.00,0.00
0.00,0.00,0.00,0.00,0.00,0.00,0.00,0.00,0.00,0.00,0.00,0.00,0.00,0.00,0.00,0.00,0.00,0.00,0.00
0.00,0.00,0.00,0.00,0.00,0.00,0.00,0.00,0.00,0.00,0.00,0.00,0.00,0.00,0.00,0.00,0.00,0.00,0.00
0.00,0.00,0.00,0.00,0.00,0.00,0.00,0.00,0.00,0.00,0.00,0.00,0.00,0.00,0.00,0.00,0.00,0.00,0.00
0.00,0.00,0.00,0.00,0.00,0.00,0.00,0.00,0.00,0.00,0.00,0.00,0.00,0.00,0.00,0.00,0.00,0.00,0.00
0.00,0.00,0.00,0.00,0.00,0.00,0.00,0.00,0.00,0.00,0.00,0.00,0.00,0.00,0.00,0.00,0.00,0.00,0.00
